6743 1002 1001 1008
1004 1006 1002 5888
4641 1001 1002 1002
1005 4947 4794 1006
1000 1005 1003 1002
1001 1000 1000 1005
1003 3494 1002 1003
1000 1006 1002 1005
1003 2606 1006 1006
1008 1004 1001 1006
1002 1005 3450 1006
9476 1001 1007 1003
1009 1007 1008 1003
1004 1000 1002 1008
1003 1001 1001 1003
1003 1003 1007 1005
1008 1003 4503 7296
1006 1005 1009 1005
1003 1005 1006 1002
1008 1008 1005 2093
1009 1009 1000 1008
1006 1000 1002 1005
1001 1005 1002 1003
1006 2635 1001 1002
1009 1000 1007 1004
1009 1004 1003 1001
1009 1008 1000 1001
1003 1002 1001 1005
1008 1009 1000 1006
1005 1001 9587 3183
1004 1004 1003 1004
1009 1007 1004 1001
1004 1000 1007 1003
1002 1000 1000 1001
1007 1000 1001 1003
1006 1008 1008 1008
1002 1000 1005 1007
1000 1002 1008 1001
1004 1004 4667 1006
1008 1004 1006 1008
1008 1008 1002 1001
1009 1006 1006 1001
1006 1002 1009 1003
1005 1005 1005 1001
2794 1007 1009 1001
1004 1000 1005 1005
1005 1009 1000 1008
1004 1005 1007 1004
7128 1002 1002 1005
1008 1000 3706 2837