3782 2553
3903 3315
3958 2528
3929 2510
3852 2869
3981 3127
3701 3498
3651 2800
3718 3276
3987 3376
3999 2948
3603 3481
3660 2951
3811 2597
3551 3407
3896 3400
3927 3453
3607 3050
3731 3117
3649 2809
3650 2699
3609 3469
3751 3116
3666 2881
3841 3478
3565 3041
3705 2766
3639 2998
3562 2909
3860 2791
3854 2703
3618 3155
3691 3467
3774 2942
3600 3189
3840 3183
3700 2571
3980 2569
3537 3081
3519 2580
3844 3284
3644 2918
3939 2714
3906 2614
3883 2547
3619 3002
3772 2784
3734 3386
3502 3190
3696 3066
3536 2842
3857 2582
3719 3103
3932 2827
3709 3388
3913 2530
3833 2716
3643 3391
3771 2781
3994 3331
3547 2926
3700 3702
3522 2831
3714 2927
3601 3161
3674 3356
3898 2576
3533 2936
3850 3439
3612 3274
3694 2808
3909 2875
3931 3106
3879 3040
3641 3282
3845 2811
3921 3165
3552 3495
3793 2628
3564 2711
3863 2958
3592 3194
3838 2999
3986 3351
3725 2863
10 10
3842 2949
3753 2728
3951 2913
3952 2887
3604 2724
3912 3229
3755 2518
3685 3129
3697 3473
3925 2698
3949 2971
3899 2817
3762 2677
3858 3411
3942 2910
3684 2702
3669 2790
3621 3320
3824 2727
3727 3247
3889 2573
3743 3220
3853 2857
3938 3375
3813 2735
3617 2632
3937 2925
3624 3281
3943 3233
3637 2847
3578 3307
3843 2862
3763 3278
3856 2572
3625 2965
3711 3446
3622 3217
3723 3043
3710 2795
3947 2697
3871 2785
3998 3248
3508 2574
3888 3456
3972 2560
3822 2659
3861 3465
3997 3479
3667 2880
3807 3322
3524 3262
3862 2636
3680 3187
3810 2792
3514 3406
3539 3193
3700 3701
3735 2578
3825 2525
3675 2684
3890 3239
3834 2890
3923 2587
3797 2667
3979 2799
3671 3337
3507 3199
3812 2841
3756 2947
3820 3237
3975 3266
3686 3234
3557 2584
3933 3230
3574 3123
3790 2682
3585 3227
3992 2666
3745 2558
3645 3121
3534 3174
3623 2755
3948 3003
3543 3413
3839 2864
3608 3397
3571 3424
3831 3222
3513 3314
3930 2602
3846 2549
3627 2676
3655 3353
3515 2904
3631 2859
3780 3136
3988 3085
3815 2908
3803 2679
3799 2991
3886 3499
3518 3335
3796 2617
3752 3298
3538 3184
3567 3414
3594 3049
3575 3169
3556 3470
3687 2849
3589 3084
3798 2763
3993 3170
3808 2935
3704 3061
3570 2715
3568 3022
3801 3147
3569 2741
3884 3256
3665 2589
3875 2759
3611 3415
3555 3053
3648 2624
7200 3601
3535 3427
3529 3304
3558 2819
3847 3108
3692 3181
3662 3309
3851 2599
4000 3025
3908 3140
3733 2980
3892 3047
3786 2797
3864 2976
3712 3484
3598 2932
3732 3319
3971 2733
3800 2622
3717 2888
3726 3179
3973 3416
3885 2923
3597 2579
3985 3377
3693 2836
3765 2581
3683 3348
3747 2653
3928 3001
3961 3196
3954 3271
3920 2922
3638 2906
3946 2911
3945 3137
3602 3092
3777 3182
3995 2746
3965 3228
3700 3700
3849 3225
3855 2779
3915 3173
3750 2535
3881 3463
3905 3144
3984 2595
3738 2960
3629 2517
3970 3313
3907 3361
3525 2805
3544 3074
3653 3352
3978 3434
3897 2559
3936 2892
3967 2758
3553 3244
3792 2717
3832 2752
3730 3156
3955 3404
3503 2899
3922 2531
3902 3203
3766 2895
3586 2609
3695 3093
3591 2788
3640 2514
3576 2885
3788 3292
3904 3329
3867 2898
3690 2945
3633 3497
3512 2613
3828 2523
3914 2693
3721 3383
3657 2950
3953 3372
3688 2764
3545 2552
3784 2562
3969 3419
3668 2507
3532 2996
3794 2604
3900 3082
3817 3079
3746 2623
3837 2527
3809 2983
3682 3480
3787 2786
3901 2748
3963 3007
3744 3290
3620 2919
3781 3151
3703 3269
3768 2706
7198 3600
3526 3430
3959 3417
3540 3349
3599 2939
3806 2981
3554 2546
3977 2723
3605 3409
3546 2930
3647 2566
3821 2719
3878 2627
3805 3210
3593 3148
3636 3154
3804 2972
3769 2687
3991 2912
3874 2794
3789 3163
3814 2889
3728 2672
3941 3321
3510 3008
3580 2694
3505 3130
3596 3211
3654 3398
3893 3086
3561 2754
3895 2662
3818 3242
3523 3241
3910 2563
3516 2538
3720 3031
3588 2877
3887 2635
3722 2815
3590 3261
3615 2780
3716 3408
3976 2894
3960 2736
3642 3168
3957 3113
3549 3339
3827 3485
3511 3057
3531 3077
3870 3443
3689 2830
3670 2783
3583 3448
3678 2826
3918 3297
3773 2840
3760 2661
3894 3462
3882 2967
3630 3291
3673 2750
3635 2529
3614 2526
3506 3010
3652 2995
3509 3399
3715 3441
3934 3015
3634 3089
3595 3059
3865 3312
3736 3128
3656 3246
3859 2692
3628 3302
3708 3254
3573 3389
3663 2928
7202 3602
3956 2955
3990 3188
3672 3333
3872 3374
3548 3125
3926 2837
3681 2765
3659 3401
3661 2745
3911 3205
3520 2590
3783 3393
3876 3064
3778 2593
3996 3143
3616 2802
3579 3500
3699 3011
3795 2591
3724 2839
3748 2851
3676 3138
3891 2931
3767 2988
3935 2914
3626 3311
3880 2704
3527 3275
3737 2992
3560 2729
3729 3428
3542 2852
3989 2986
3606 2870
3677 2853
3581 3471
3632 3474
3770 3345
3559 2977
3823 2520
3530 3112
3702 3219
3791 2821
3830 3124
3869 2690
3968 3306
3584 3455
3739 3418
3785 3197
3610 3096
3940 2612
3802 3078
3974 2749
3826 2740
3779 3122
3679 3026
3613 3491
3944 2803
3916 2655
3950 2556
3917 2541
3924 3472
3761 3341
3582 2645
3563 2978
3658 3038
3966 2709
3758 2648
3528 3267
3866 3382
3587 3192
3976 1989
3868 3340
3713 3447
3646 2933
3776 2654
3706 2834
3577 3468
3517 2886
3982 2722
3749 3367
3740 3347
3836 2564
3877 3105
3521 2610
3741 2873
3848 2696
3819 3036
3707 2649
3962 2675
3566 2568
3964 3299
3829 3013
3873 3396
3572 3030
3742 2829
3550 2731
3759 2884
3754 2956
3501 3300
3541 3318
3775 2994
3919 3072
3983 3305
3698 2806