48 87 75 29
51 65 41 78
85 81 51 36
50 93 37 18
14 97 98 34
10 49 56 32
50 45 82 41
39 28 89 59
13 91 55 66
57 88 20 42
81 78 69 78
76 54 31 98
40 57 11 82
49 28 24 43
96 85 24 79
72 98 86 67
73 84 58 99
28 26 66 80
34 11 67 45
39 99 64 96
19 62 90 92
20 59 28 31
36 60 15 40
74 57 41 82
16 14 75 49
38 88 24 66
60 94 74 36
73 63 68 56
17 16 79 25
23 36 27 55
92 65 23 95
97 91 13 11
41 30 33 86
22 12 56 18
91 61 15 87
37 62 27 11
21 63 64 97
30 16 34 35
33 77 40 61
82 12 42 93
20 13 29 85
83 17 47 21
17 46 19 73
32 38 33 96
26 37 30 53
15 27 31 22
67 25 46 39
38 53 25 90
16 71 35 26
79 80 22 14
31 27 45 19
38 18 49 83
14 77 71 70
43 52 51 92
19 21 46 48
15 30 43 35
25 26 81 62
27 81 77 43
88 62 21 37
69 14 71 71
85 58 83 47
53 78 65 87
42 56 52 44
61 92 52 16
70 32 51 70
89 36 37 53
54 44 39 58
68 95 50 95
72 52 77 47
59 59 44 54
24 95 98 48
42 12 23 24
13 19 10 42
29 55 22 54
45 17 74 80
60 45 34 88
21 18 68 76
28 75 47 32
65 26 79 72
22 34 15 29
80 70 38 84
48 84 75 39
44 66 99 63
69 11 64 23
89 10 64 10
35 33 76 93
12 55 12 33
43 69 87 30
58 23 86 25
46 29 90 86
13 18 72 91
67 20 94 44
35 99 17 96
94 63 83 61
68 94 97 73
93 20 40 41
76 57 89 32
84 74 46 40
90 31 60 50