107584
134541
128868
184788
179448
110173
139635
145659
194703
147341
121131
173478
163535
156519
167939
173382
129145
197891
127581
197719
115903
184283
187349
155550
110828
119754
138217
143740
188933
143855
101608
129643
108365
139826
166142
161541
118271
122768
125766
110518
134632
140788
145338
132130
179911
197563
119815
106573
104584
195987
159927
141204
177357
165324
119391
140480
161001
158855
121331
173966
123487
195404
139435
144082
117735
130342
112566
125988
167950
140849
139528
136938
150967
128610
119302
191351
158267
137126
151980
194036
198475
114737
178718
192884
158085
121819
114216
199515
110625
176635
192708
122948
105401
161320
110539
131658
184338
124249
113861
180277