1162
2902
8056
1332
2145
8463
3072
3350
7387
4055
5009
9819
3906
8492
3862
2365
3895
9471
3952
2929
9477
8531
1957
1027
8970
7785
6683
8880
9007
6452
4118
9657
9165
8629
1776
8549
3345
1923
4626
3679
2387
9362
8869
1115
4812
3663
7070
7553
6528
7998
3483
5019
6419
2734
3512
9040
9711
2742
3440
7281
6557
8595
1946
5080
8825
9514
1905
9930
6269
7330
2144
6164
9631
4053
4322
9912
6594
7591
6510
4274
2118
3065
7614
9174
8417
4233
4088
7772
4516
8339
9417
9082
3147
5628
7825
5176
4458
1106
4634
9203
8448
5822
8672
4066
9576
3538
6185
6146
7608
8435
7544
3787
5928
4578
7287
6037
1528
8841
5993
5833
7559
9934
6579
5532
1235
9317
5124
7061
2163
9070
7144
9422
1766
7800
9954
7270
4165
4512
1540
6213
2524
2082
7558
8005
2595
2562
3464
9266
1793
9455
1299
3004
3173
9528
5804
8927
6194
7060
2497
4945
5747
6241
3772
6750
3918
1575
2482
3441
8945
9868
1028
8325
4911
3444
7143
1243
8456
5861
8945
4647
3252
1209
4673
5867
6805
6830
6212
5917
7158
8664
2368
2613
4007
9719
9964
5381
3583
4973
3355
3966